36.13 35.8 35.89 36.05 35.89 35.99 35.58 35.64 35.5 36.23 36.01 35.97
35.7 35.98 36.03 36.03 35.96 35.58 36.18 36.43 35.75 36.69 36.5 35.93
36.02 36.1 35.75 35.67 36.58 36.11 35.85 35.77 35.98 36.24 36.88 36.36
36.31 35.99 35.49 36.2 35.71 35.54 36.05 35.62 36.31 35.5 35.99 35.61
36.87 36.32 35.89 35.98 36.66 35.6 36.06 35.59 36.78 36.68 36.02 35.95
36.21 36.41 36.64 35.63 35.8 35.46 35.76 35.78 35.94 36.02 35.93 36.34
36.18 36.34 35.7 36.57 35.69 36.32 37.52 35.86 36.13 36.22 36.23 36.21
36.09 36.39 36.1 35.81 36.16 35.85 36.33 35.95 36.15 36.12 36.18 36.12
36.17 35.75 35.73 35.61 35.96 35.86 36.32 35.81 36.21 37 36.66 36.4
36.15 36.02 35.78 35.99 35.87 35.72 35.87 36.26 37.11 36.53 37.15 36.27
36.75 36.47 35.86 35.55 35.71 35.8 36.21 35.68 36.86 36.07 36.47 36.8
36.2 35.82 35.67 36.24 35.9 35.57 35.73 35.67 36.93 35.86 36.39 36.31
35.89 35.92 35.86 35.99 35.85 35.36 35.21 35.7 36.43 35.82 36.49 36.07
35.85 37.07 35.95 35.86 35.61 35.62 35.86 35.91 36.25 35.97 36 36.53
36.28 36.23 36.27 36.21 36.07 35.48 35.76 36.42 36.95 36.5 36.13 36.31
36.95 36.43 36.93 36.23 35.64 36.26 36.17 35.75 36.08 36.11 36.11 36.17
36.79 36.32 36.38 37.01 35.73 36.49 35.81 35.39 36.26 36.51 36.36 35.63
36.08 36.05 36.45 36.52 35.79 36.4 36.48 36.03 35.97 35.93 36.05 36.45
36.22 36.18 36.65 36.38 35.63 35.89 36.18 36.79 35.94 35.93 36.27 36.74
36.92 36.23 36.34 37.1 36.4 36.67 36.04 35.95 36.31 36.47 36.57 36.53
36.74 36.86 36.69 36.65 36.75 36.36 37.05 36.13 36.51 36.69 36.77 36.62
37.32 36.8 37.01 37.22 37 36.5 36.77 36.54 37.14 36.75 36.81 36.94
37.71 37.84 37.82 37.97 37.74 37.39 37.28 37.18 37.69 37.49 37.21 37.48
38.56 38.57 37.84 37.9 37.98 38.01 37.95 37.86 38.54 37.65 37.13 37.74
38.26 37.56 37.69 37.74 37.78 37.45 37.73 37.31 38.36 38.31 37.94 38.55
37.94 38.3 37.4 37.83 37.32 37.39 37.68 37.49 37.62 38.51 38.08 37.97
38.36 37.61 37.38 37.37 37.17 37.59 37.61 37.45 37.76 37.64 38.13 38.15
37.69 37.75 38.27 38.17 37.41 37.47 37.74 37.63 37.72 37.65 38.23 37.6
37.72 37.27 37.29 36.95 37.58 37.13 36.83 37.51 37.97 37.93 38.02 38.54
37.75 36.91 37.49 37.89 37.61 37.69 37.77 37.43 37.9 38.12 38 37.11
36.86 36.84 37.77 37.43 37.52 36.88 37.73 37.52 37.53 37.42 38.27 37.93
37.7 37.89 37.6 37.28 37.78 37.77 37.65 38.06 38.18 38.09 37.54 37.64
37.6 37.07 37.55 37.81 38.2 36.71 37.28 37.47 38.19 37.93 37.78 37.55
36.97 37.02 37.96 37.38 37.69 37.57 37.6 37.22 37.94 38.12 37.77 37.64
38.04 38.34 37.75 37.77 38.04 37.12 37.35 37.55 38.03 38.08 38.12 37.65
36.66 37.43 37.42 37.68 37.84 37.79 38.03 37.5 38.23 37.69 37.83 38.1
38.07 37.84 37.64 38.28 37.81 37.45 37.93 36.91 37.87 38.09 37.96 37.66
37.41 38.3 37.31 37.9 37.66 37.36 37.81 37.27 38.49 38.38 37.5 38.1
38.15 37.84 37.98 37.37 38.07 37.8 37.78 37.46 37.8 37.66 37.9 38.42
38.17 37.95 37.6 37.36 38.08 37.61 37.78 37.46 38.22 38.06 38.31 38
38.17 38.11 37.71 37.84 37.66 37.75 37.94 37.93 37.8 37.98 37.68 37.68
38.12 38.26 37.96 37.7 37.83 37.92 37.85 37.99 38.2 38.27 37.83 38.02
37.85 36.75 36.94 36.2 37.27 37.43 37.79 37.38 37 38.03 38.1 38.14
36.37 36.52 36.46 36.33 36.28 36.52 36.19 36.38 37.13 37.21 36.8 36.86
36.14 37.38 36.28 37.37 37.21 35.99 35.31 35.74 37.95 36.3 36.82 36.62
35.77 36.09 35.84 36.65 36.01 35.85 37.11 35.31 36.43 36.4 36.29 37.47
36.68 36.21 36.72 36.16 36.61 35.78 35.89 35.63 36.31 36.93 36.49 36.19
35.74 36.33 35.76 36.08 36.42 35.55 35.61 36.29 36.79 36.4 36.11 36.19
